000044.92
000041.64
000027.56
000021.72
000018.36
000012.72
000022.32
000029.48
000040.04
000051.56
000062.36
000067.16
000075.76
000081.68
000085.80
000093.80
000101.80
000106.24
000113.64
000119.32
000122.44
000125.44
000127.52
000130.80
000134.40
000140.08
000142.92
000143.60
000143.04
000143.40
000138.64
000136.80
000136.80
000135.12
000134.60
000133.24
000128.48
000125.92
000125.12
000123.28
000122.20
000121.00
000119.64
000117.48
000114.32
000109.76
000105.68
000104.12
000098.16
000096.16
000094.28
000090.04
000085.68
000080.92
000076.80
000075.64
000069.20
000063.68
000055.84
000048.04
000043.96
000038.84
000033.88
000031.40
000027.92
000025.28
000024.12
000028.08
000031.48
000031.12
000035.44
000045.40
000037.16
000046.16
000057.84
000044.88
000033.24
000023.12
000018.44
000014.12
000017.92
000028.88
000035.32
000048.40
000058.28
000067.56
000075.20
000084.32
000091.04
000095.92
000105.20
000114.56
000119.56
000128.76
000135.76
000139.12
000140.40
000142.52
000148.28
000149.52
000152.24
000152.20
000151.88
000151.48
000150.24
000148.12
000147.64
000145.40
000143.52
000142.96
000140.24
000137.24
000135.68
000134.48
000131.60
000130.40
000128.48
000127.36
000125.92
000124.56
000122.12
000119.16
000117.44
000113.76
000109.32
000103.04
000097.40
000093.08
000089.80
000085.44
000082.80
000078.68
000074.96
000066.44
000057.32
000050.00
000043.56
000038.40
000035.52
000031.16
000027.72
000026.20
000025.00
000032.36
000031.72
000030.44
000044.60
000040.72
000035.52
000048.24
000032.04
000023.60
000017.92
000009.72
000015.36
000025.28
000034.28
000045.00
000056.72
000067.08
000076.32
000086.12
000093.48
000102.48
000112.04
000125.92
000131.80
000138.84
000145.08
000150.00
000152.28
000156.64
000159.36
000160.36
000162.96
000162.60
000161.56
000160.40
000160.16
000158.28
000155.00
000154.32
000153.96
000153.12
000151.60
000150.36
000147.76
000146.12
000142.72
000139.48
000138.12
000135.56
000132.56
000131.48
000130.20
000129.24
000127.40
000126.08
000122.68
000120.52
000116.88
000111.16
000104.32
000099.48
000094.68
000090.32
000086.28
000084.44
000078.36
000067.72
000058.16
000051.80
000043.52
000041.04
000037.24
000031.92
000028.52
000025.80
000024.16
000031.40
000030.40
000034.32
000045.40
000035.52
000043.28
000029.96
000019.80
000007.64
000007.88
000016.84
000028.44
000039.60
000053.12
000063.44
000075.68
000086.56
000095.88
000101.64
000116.96
000126.16
000140.92
000145.28
000151.00
000157.08
000161.76
000167.28
000170.12
000171.20
000170.28
000172.24
000171.96
000169.92
000168.16
000166.84
000162.00
000159.92
000158.72
000161.00
000160.44
000159.20
000158.36
000156.08
000153.44
000150.08
000146.80
000144.40
000141.68
000139.24
000138.08
000137.40
000135.24
000133.32
000132.08
000130.44
000130.20
000126.44
000121.96
000118.36
000115.08
000106.20
000098.32
000093.04
000089.72
000084.76
000077.84
000068.60
000060.24
000052.80
000047.12
000043.00
000035.92
000030.92
000028.68
000024.64
000025.00
000024.80
000030.60
000032.48
000038.80
000032.16
000023.88
000014.00
000005.04
000006.40
000019.96
000034.24
000049.48
000063.20
000074.12
000086.04
000098.04
000108.12
000120.68
000132.72
000143.16
000151.64
000157.48
000164.08
000172.20
000175.60
000178.76
000180.44
000180.12
000179.56
000179.72
000179.04
000176.72
000175.68
000174.08
000169.56
000167.84
000166.56
000166.00
000165.36
000164.68
000163.28
000160.80
000158.44
000155.56
000152.80
000150.24
000149.52
000148.28
000147.44
000146.28
000143.28
000141.04
000138.96
000137.56
000137.24
000133.72
000129.48
000127.48
000125.28
000121.88
000117.04
000108.96
000101.72
000095.28
000089.56
000081.04
000071.40
000062.00
000056.44
000049.12
000043.08
000034.92
000031.72
000028.72
000027.96
000024.24
000023.72
000030.96
000032.56
000028.64
000021.28
000004.36
000003.48
000006.84
000023.76
000043.12
000059.12
000072.72
000085.88
000096.60
000110.20
000124.68
000134.48
000145.44
000155.48
000160.76
000167.68
000175.80
000183.40
000184.20
000185.28
000187.36
000186.24
000184.96
000184.36
000183.20
000182.12
000180.44
000179.44
000176.08
000173.92
000171.04
000169.56
000169.88
000169.00
000167.48
000164.68
000162.48
000159.88
000157.36
000153.72
000152.92
000151.12
000150.44
000149.08
000147.40
000145.16
000144.48
000141.72
000141.96
000141.20
000137.56
000133.72
000131.16
000128.80
000126.52
000121.12
000117.08
000106.84
000098.92
000091.76
000082.44
000073.24
000065.44
000057.56
000050.80
000041.56
000036.08
000032.08
000029.92
000026.20
000022.12
000031.08
000028.32
000019.72
000015.72
000003.32
000001.64
000009.72
000029.48
000053.48
000067.72
000080.24
000095.52
000109.48
000126.64
000136.92
000147.64
000157.20
000162.52
000171.12
000179.36
000183.44
000188.60
000190.56
000191.48
000192.12
000191.44
000191.28
000188.40
000189.32
000187.60
000185.20
000182.24
000178.72
000177.32
000175.04
000175.16
000174.12
000173.56
000172.12
000170.24
000168.60
000165.52
000162.32
000156.32
000156.20
000154.00
000153.40
000152.88
000151.84
000149.96
000148.92
000146.96
000146.00
000144.40
000143.48
000140.76
000137.92
000135.36
000133.40
000130.12
000123.00
000118.52
000109.52
000099.28
000092.20
000082.72
000075.76
000066.24
000059.20
000048.60
000042.24
000035.68
000031.72
000029.36
000024.72
000027.76
000029.44
000023.92
000006.92
000002.52
000001.80
000013.84
000037.12
000060.76
000074.88
000088.72
000106.56
000123.16
000139.24
000148.92
000155.48
000164.56
000173.04
000179.88
000186.32
000189.40
000193.76
000194.84
000195.88
000196.48
000195.28
000194.28
000190.60
000191.36
000190.84
000188.56
000185.96
000182.60
000180.64
000178.16
000178.28
000177.08
000175.72
000175.20
000173.52
000171.00
000167.32
000162.68
000160.64
000159.84
000157.48
000157.00
000156.72
000155.64
000153.04
000151.72
000152.08
000149.72
000148.00
000146.12
000145.44
000141.92
000139.84
000139.04
000136.44
000130.16
000123.96
000119.84
000111.96
000099.56
000092.20
000086.12
000077.84
000070.16
000055.84
000046.80
000039.40
000035.24
000032.36
000028.44
000025.88
000029.48
000025.20
000002.40
000002.76
000002.92
000016.96
000042.52
000066.32
000084.12
000100.76
000119.12
000136.40
000149.88
000158.92
000167.44
000174.08
000181.40
000186.52
000190.44
000193.56
000195.16
000197.52
000198.96
000197.84
000197.60
000196.52
000194.16
000193.72
000192.28
000190.48
000187.40
000184.72
000182.72
000182.40
000182.60
000181.04
000182.04
000179.76
000178.00
000176.96
000172.84
000167.76
000164.32
000163.04
000161.96
000161.08
000159.92
000159.04
000157.76
000156.80
000155.08
000154.56
000153.24
000149.88
000147.88
000145.76
000143.52
000140.12
000137.88
000134.44
000130.32
000125.16
000122.16
000112.88
000101.28
000093.36
000084.88
000076.04
000066.28
000056.84
000045.36
000038.48
000033.72
000030.76
000025.28
000028.28
000026.80
000003.64
000002.36
000006.64
000022.76
000051.28
000073.56
000090.80
000107.76
000130.96
000146.36
000156.76
000165.20
000175.20
000179.68
000185.12
000190.00
000192.40
000194.96
000195.72
000197.96
000200.76
000199.44
000199.64
000198.60
000197.08
000195.92
000193.56
000191.04
000188.84
000186.68
000185.44
000185.32
000185.56
000184.60
000184.56
000184.28
000183.44
000182.92
000177.40
000171.24
000168.76
000168.52
000166.80
000165.04
000163.24
000161.64
000159.64
000159.44
000159.16
000158.88
000156.92
000153.80
000151.56
000150.36
000147.00
000144.44
000142.20
000137.68
000134.44
000130.88
000127.00
000122.48
000111.28
000097.68
000090.00
000082.12
000073.60
000064.48
000053.20
000043.04
000036.80
000033.00
000027.40
000027.60
000025.88
000003.52
000002.48
000008.52
000030.04
000059.28
000082.24
000100.20
000119.64
000139.52
000152.88
000163.68
000173.08
000182.20
000184.56
000188.76
000191.96
000195.04
000197.44
000198.12
000199.32
000200.44
000202.20
000202.52
000201.16
000198.40
000196.56
000194.72
000193.60
000191.16
000189.20
000188.04
000189.20
000188.44
000187.40
000186.76
000185.52
000184.60
000183.76
000179.80
000175.96
000175.08
000173.44
000171.56
000169.00
000167.00
000165.32
000163.72
000163.24
000162.68
000162.48
000160.44
000157.60
000154.72
000153.36
000150.80
000148.16
000145.92
000142.20
000139.16
000135.56
000129.72
000126.56
000120.40
000109.12
000095.84
000090.24
000081.32
000072.88
000061.00
000050.76
000040.76
000035.96
000030.48
000026.72
000025.16
000002.92
000003.40
000011.92
000037.92
000067.68
000088.48
000108.64
000130.00
000146.04
000159.48
000170.76
000178.28
000184.36
000185.96
000191.04
000193.92
000196.56
000199.16
000200.92
000201.68
000202.68
000203.48
000203.84
000202.96
000198.92
000198.04
000196.56
000195.84
000192.88
000190.92
000190.72
000191.88
000190.88
000189.80
000189.16
000187.16
000183.80
000182.36
000180.32
000179.04
000178.16
000176.80
000175.40
000174.80
000173.08
000172.12
000170.08
000169.72
000169.08
000166.96
000163.76
000161.12
000159.08
000157.60
000154.16
000151.32
000147.84
000145.24
000140.12
000136.88
000132.96
000127.20
000122.24
000117.20
000105.52
000096.36
000087.56
000077.32
000068.32
000058.84
000046.20
000039.20
000032.72
000024.04
000025.52
000002.52
000005.00
000017.16
000045.48
000072.68
000093.12
000114.32
000136.60
000151.88
000166.44
000175.24
000181.48
000185.28
000188.56
000194.32
000197.40
000198.24
000202.16
000203.88
000204.24
000205.28
000205.28
000203.88
000202.76
000200.68
000199.28
000198.12
000196.40
000194.12
000190.28
000190.36
000191.96
000191.20
000190.12
000189.12
000188.00
000185.80
000184.68
000182.08
000179.88
000180.08
000178.80
000178.00
000176.00
000173.88
000172.56
000171.68
000169.04
000170.12
000168.84
000166.24
000163.12
000161.88
000159.72
000155.24
000151.64
000147.84
000145.04
000141.56
000137.60
000132.76
000129.92
000123.36
000118.68
000114.36
000101.88
000090.68
000081.36
000074.00
000064.04
000051.76
000042.32
000034.68
000025.84
000025.04
000002.20
000005.92
000020.20
000048.96
000077.52
000101.28
000123.84
000142.44
000157.00
000169.96
000177.40
000183.64
000188.52
000192.56
000197.36
000200.28
000200.28
000202.72
000203.68
000204.88
000205.40
000205.08
000203.76
000202.00
000201.68
000198.92
000196.76
000196.12
000193.56
000189.72
000188.48
000189.40
000188.96
000188.04
000187.92
000188.88
000188.48
000187.52
000183.28
000179.80
000178.28
000178.84
000177.56
000173.72
000171.48
000171.44
000169.36
000167.40
000167.40
000165.68
000163.88
000163.04
000161.20
000157.56
000151.64
000146.84
000145.28
000142.76
000141.60
000138.32
000133.88
000131.24
000125.72
000121.92
000116.24
000109.72
000096.32
000086.20
000078.56
000068.76
000057.88
000045.36
000035.68
000027.16
000021.64
000002.80
000005.56
000024.16
000054.76
000086.24
000109.52
000131.48
000146.00
000161.92
000173.24
000178.88
000185.40
000191.32
000194.36
000197.32
000199.00
000200.76
000201.56
000202.68
000202.60
000204.40
000203.64
000202.64
000201.56
000201.56
000197.72
000195.16
000194.60
000192.48
000190.36
000187.20
000186.56
000185.80
000185.52
000185.40
000187.00
000188.20
000187.60
000182.60
000178.12
000175.00
000177.20
000175.64
000171.64
000168.68
000166.52
000164.36
000161.60
000162.40
000161.32
000159.04
000156.40
000153.64
000147.92
000142.00
000137.72
000137.48
000135.68
000134.40
000133.72
000133.44
000130.44
000126.40
000123.84
000116.92
000114.52
000106.88
000092.32
000082.56
000073.12
000061.60
000050.92
000038.36
000029.88
000018.84
000001.84
000007.96
000030.52
000061.12
000091.00
000116.80
000136.48
000147.04
000160.52
000172.12
000176.96
000180.64
000187.16
000190.16
000193.96
000196.32
000196.92
000198.12
000199.24
000200.24
000201.08
000200.68
000199.84
000200.36
000198.96
000195.20
000192.12
000191.44
000190.60
000188.36
000185.24
000183.60
000183.64
000183.04
000182.12
000183.48
000185.48
000184.64
000179.76
000174.32
000171.68
000173.60
000170.60
000165.28
000163.84
000162.56
000159.48
000157.60
000157.32
000156.84
000152.12
000146.60
000141.48
000136.44
000131.16
000129.88
000127.20
000127.40
000125.56
000127.00
000127.72
000127.72
000127.04
000122.64
000117.60
000117.48
000112.20
000100.64
000087.12
000076.96
000064.84
000053.64
000042.04
000033.28
000020.84
000003.44
000013.64
000037.72
000065.88
000095.32
000119.00
000133.20
000145.28
000160.40
000168.76
000170.80
000174.24
000177.12
000179.76
000185.08
000187.96
000187.60
000187.68
000187.72
000189.92
000195.16
000196.24
000194.00
000195.56
000194.16
000191.56
000187.80
000184.20
000182.20
000182.44
000183.20
000183.60
000179.52
000180.56
000181.88
000180.44
000179.68
000179.36
000172.40
000167.88
000167.56
000167.72
000162.96
000157.76
000154.36
000151.48
000149.44
000149.44
000148.36
000146.32
000142.88
000139.28
000134.48
000130.16
000125.56
000125.12
000123.12
000122.24
000120.88
000120.36
000122.08
000122.48
000121.20
000119.28
000116.88
000115.56
000113.64
000107.76
000092.44
000081.24
000069.60
000058.20
000043.72
000032.28
000023.68
000004.56
000015.40
000040.08
000071.84
000097.24
000117.64
000133.84
000144.96
000150.44
000156.88
000160.00
000163.84
000168.16
000169.92
000171.80
000173.92
000170.72
000176.20
000178.16
000177.44
000177.56
000179.28
000179.76
000180.80
000177.84
000178.88
000178.28
000175.88
000175.40
000176.08
000176.16
000176.08
000175.88
000176.76
000177.28
000178.04
000176.56
000174.52
000165.80
000162.00
000160.68
000157.92
000152.60
000148.52
000146.72
000145.28
000143.32
000143.72
000138.32
000135.92
000132.80
000131.20
000128.92
000127.60
000125.04
000123.88
000122.40
000121.12
000119.32
000118.36
000117.68
000117.64
000120.44
000121.92
000117.20
000114.60
000112.40
000109.96
000100.80
000086.36
000072.76
000059.84
000045.08
000032.04
000019.36
000006.08
000019.60
000045.40
000076.92
000099.56
000121.28
000131.52
000138.36
000141.84
000143.04
000142.64
000143.80
000143.48
000145.84
000150.76
000150.60
000155.52
000158.36
000159.04
000158.68
000160.12
000160.64
000157.28
000155.52
000158.28
000163.56
000166.32
000165.00
000165.84
000169.36
000169.84
000169.32
000169.48
000171.20
000170.64
000173.60
000171.76
000166.92
000158.00
000156.28
000155.24
000148.68
000143.72
000140.52
000138.56
000134.76
000130.04
000128.84
000126.00
000126.68
000125.76
000125.92
000125.76
000125.52
000123.88
000122.48
000120.68
000119.64
000119.84
000119.88
000117.92
000118.04
000117.44
000121.80
000116.32
000118.72
000113.96
000110.44
000106.16
000094.12
000077.84
000063.24
000047.56
000032.36
000018.40
000007.08
000025.40
000053.92
000079.28
000105.20
000123.00
000127.56
000130.00
000129.92
000130.80
000126.80
000124.48
000122.84
000127.52
000131.16
000132.52
000129.00
000130.92
000131.64
000132.68
000135.20
000136.60
000135.44
000135.56
000138.68
000142.48
000144.04
000146.04
000150.48
000156.76
000159.64
000159.96
000161.72
000162.88
000163.32
000166.32
000165.36
000159.52
000149.84
000148.96
000145.84
000139.40
000134.20
000129.88
000127.20
000123.88
000120.68
000119.16
000118.92
000120.24
000120.20
000119.76
000120.16
000119.20
000117.84
000117.84
000119.16
000117.40
000117.20
000117.40
000117.12
000116.96
000115.80
000115.72
000113.60
000115.92
000114.04
000111.52
000106.44
000098.40
000081.16
000066.16
000049.64
000032.96
000017.72
000009.32
000030.60
000059.20
000084.80
000109.32
000118.20
000121.48
000119.76
000120.32
000114.96
000110.88
000112.32
000112.92
000114.16
000117.88
000116.12
000114.04
000112.24
000111.08
000112.16
000113.88
000114.64
000117.44
000120.64
000122.16
000125.36
000127.68
000128.20
000133.32
000140.56
000145.92
000148.72
000153.96
000154.28
000154.40
000156.96
000155.88
000150.00
000142.20
000141.16
000136.76
000130.56
000124.72
000120.48
000117.36
000116.92
000115.96
000114.48
000113.68
000113.80
000113.00
000112.84
000111.04
000108.84
000108.48
000109.84
000113.08
000110.56
000108.84
000108.96
000111.28
000112.64
000112.80
000115.76
000114.60
000114.60
000111.92
000112.96
000109.20
000102.16
000085.40
000067.92
000052.20
000033.88
000018.64
000012.88
000035.88
000061.60
000088.00
000109.24
000114.40
000113.08
000108.68
000102.60
000101.12
000100.76
000103.40
000104.00
000101.88
000102.16
000100.32
000103.44
000101.12
000101.84
000101.36
000101.44
000102.24
000103.20
000104.68
000108.28
000112.04
000116.72
000119.24
000121.12
000126.44
000131.88
000136.24
000141.88
000144.28
000145.84
000147.20
000145.40
000139.52
000132.88
000132.16
000127.60
000121.60
000116.04
000111.36
000109.92
000110.32
000109.24
000107.76
000104.76
000104.72
000105.56
000104.92
000102.16
000101.12
000101.64
000103.92
000102.76
000102.48
000102.80
000103.16
000102.44
000100.52
000101.80
000106.84
000111.28
000113.00
000112.36
000109.80
000109.40
000103.32
000090.16
000072.24
000055.80
000034.48
000018.00
000016.80
000043.60
000068.32
000090.72
000108.84
000108.80
000104.36
000100.12
000092.56
000095.40
000094.36
000092.84
000092.12
000089.52
000090.92
000091.84
000088.08
000089.60
000090.52
000090.68
000090.12
000091.80
000094.28
000095.28
000099.36
000101.28
000105.20
000109.36
000114.04
000117.36
000121.60
000127.88
000131.56
000136.80
000141.20
000141.28
000138.88
000132.08
000125.20
000122.08
000119.44
000112.36
000107.80
000103.60
000101.92
000100.88
000100.60
000101.04
000097.04
000097.08
000096.96
000097.48
000096.40
000096.80
000097.00
000098.52
000096.40
000094.76
000094.40
000093.56
000092.12
000089.96
000089.32
000090.84
000095.64
000100.44
000107.32
000108.60
000107.76
000102.48
000090.88
000075.80
000059.08
000034.52
000015.88
000021.88
000049.28
000077.32
000095.60
000108.92
000108.20
000100.96
000096.72
000093.28
000093.88
000088.16
000086.96
000088.04
000086.36
000083.68
000082.12
000080.04
000081.80
000082.36
000081.04
000081.24
000082.16
000082.80
000085.68
000089.80
000091.32
000095.56
000100.08
000106.52
000110.16
000115.20
000122.24
000124.32
000130.84
000137.16
000137.24
000133.48
000125.48
000118.32
000113.52
000114.04
000107.40
000103.12
000099.24
000098.04
000096.12
000094.44
000094.12
000093.28
000093.32
000093.04
000090.84
000090.32
000092.96
000095.08
000094.20
000091.44
000089.28
000087.48
000085.64
000084.64
000081.96
000081.60
000081.84
000085.68
000089.92
000098.96
000106.88
000107.20
000102.40
000091.04
000077.12
000063.64
000035.44
000015.96
000028.40
000058.64
000082.12
000102.60
000108.52
000099.56
000096.44
000095.96
000096.00
000093.12
000090.52
000089.56
000089.00
000087.64
000086.20
000087.04
000084.44
000080.32
000078.52
000079.40
000078.48
000079.36
000077.80
000078.60
000077.96
000080.00
000084.04
000091.92
000098.52
000101.40
000107.12
000114.60
000117.92
000122.48
000128.48
000132.56
000128.72
000119.52
000112.68
000112.64
000111.12
000104.84
000098.84
000093.96
000092.88
000091.28
000089.52
000088.44
000087.84
000088.64
000089.68
000090.40
000090.80
000091.36
000091.68
000089.16
000088.56
000088.64
000087.36
000083.52
000080.88
000075.76
000075.88
000077.96
000082.20
000084.80
000091.12
000098.96
000101.68
000104.00
000093.20
000080.76
000068.20
000037.96
000018.12
000033.56
000067.24
000089.32
000108.92
000110.84
000099.52
000099.20
000101.76
000093.40
000094.88
000094.64
000096.32
000100.00
000100.96
000099.04
000099.40
000096.12
000092.36
000087.04
000081.56
000076.84
000074.96
000073.96
000074.40
000077.84
000075.24
000074.64
000079.56
000087.72
000093.68
000099.64
000107.04
000112.08
000115.68
000122.16
000128.08
000125.92
000118.48
000111.36
000108.08
000103.20
000099.20
000092.96
000085.72
000083.48
000083.36
000083.16
000083.28
000086.12
000085.88
000086.88
000089.40
000091.08
000087.52
000087.08
000084.72
000084.28
000081.92
000076.52
000076.72
000077.60
000078.12
000077.96
000078.00
000080.08
000081.40
000085.40
000087.60
000092.88
000097.04
000094.08
000081.56
000071.92
000041.60
000020.08
000037.48
000074.52
000099.08
000111.72
000107.84
000103.12
000106.32
000104.68
000104.00
000105.92
000106.00
000109.00
000113.24
000114.20
000111.00
000108.72
000105.92
000101.00
000093.88
000089.64
000083.92
000078.16
000072.84
000070.56
000072.04
000072.76
000072.72
000072.04
000077.60
000084.24
000092.60
000101.72
000105.64
000111.56
000119.04
000121.64
000119.16
000115.08
000109.64
000104.80
000100.32
000095.16
000087.56
000078.76
000076.20
000076.56
000077.36
000078.32
000079.44
000083.08
000083.96
000085.96
000085.00
000082.92
000083.40
000078.92
000078.20
000075.56
000073.48
000073.04
000069.80
000072.00
000072.76
000071.80
000073.00
000074.12
000077.12
000080.00
000086.08
000093.12
000092.60
000086.92
000075.52
000045.64
000022.52
000045.32
000083.68
000111.28
000116.48
000110.60
000109.64
000111.88
000106.12
000109.28
000107.36
000110.36
000114.48
000113.92
000115.80
000118.00
000118.48
000113.88
000107.84
000100.60
000093.40
000087.88
000083.32
000077.56
000074.16
000071.52
000071.56
000072.12
000072.80
000076.76
000081.00
000088.84
000097.28
000102.68
000111.60
000120.32
000119.08
000115.76
000111.92
000106.48
000100.28
000095.00
000086.96
000078.80
000071.16
000069.88
000069.72
000071.32
000073.16
000075.76
000071.64
000072.84
000073.76
000075.04
000075.04
000072.92
000070.08
000068.64
000068.08
000066.16
000066.68
000062.84
000065.28
000067.76
000067.92
000067.96
000069.72
000072.64
000075.72
000080.64
000089.24
000094.20
000090.96
000081.24
000049.76
000023.76
000053.08
000093.44
000117.76
000121.20
000117.68
000110.96
000111.16
000111.84
000104.16
000100.72
000102.20
000106.80
000109.04
000110.80
000110.52
000108.84
000105.24
000100.44
000093.48
000084.92
000077.36
000073.64
000072.28
000073.24
000070.16
000070.32
000070.88
000070.92
000073.32
000078.48
000084.92
000090.24
000099.00
000110.44
000119.12
000117.44
000114.64
000108.64
000102.04
000094.32
000087.44
000078.68
000071.96
000065.36
000064.00
000063.32
000064.80
000065.68
000063.80
000066.28
000066.08
000066.64
000064.32
000061.36
000060.96
000060.92
000061.96
000062.80
000062.36
000064.44
000064.40
000064.56
000064.20
000066.52
000068.64
000069.92
000071.36
000072.56
000077.20
000087.12
000093.44
000089.60
000085.32
000054.20
000026.92
000059.60
000098.48
000122.00
000123.16
000118.96
000112.32
000107.12
000100.56
000094.64
000097.88
000103.04
000102.88
000102.16
000101.96
000098.56
000095.84
000089.76
000087.88
000084.80
000079.56
000073.76
000067.64
000063.16
000060.84
000061.04
000062.80
000065.44
000067.00
000069.80
000074.76
000082.36
000089.12
000096.96
000109.40
000116.20
000116.36
000114.64
000106.80
000098.88
000091.40
000081.80
000076.24
000070.36
000060.76
000059.16
000058.16
000054.64
000058.16
000060.12
000056.80
000053.68
000052.32
000051.48
000051.96
000054.36
000056.04
000058.60
000058.20
000057.64
000055.28
000056.64
000058.60
000058.80
000058.88
000066.24
000073.40
000076.48
000076.04
000078.52
000085.64
000092.12
000089.68
000089.40
000060.96
000030.64
000068.40
000102.88
000125.92
000125.20
000118.00
000112.40
000099.64
000088.56
000094.44
000096.64
000092.00
000085.80
000082.28
000081.16
000077.20
000073.44
000070.56
000066.04
000061.32
000058.72
000057.52
000057.96
000056.20
000052.28
000051.48
000052.00
000054.92
000058.92
000062.84
000068.72
000077.40
000086.80
000095.84
000109.12
000112.96
000115.12
000112.72
000105.88
000095.08
000087.12
000077.04
000072.68
000064.68
000052.96
000050.44
000047.36
000044.84
000048.00
000046.92
000044.04
000044.12
000043.12
000044.04
000046.00
000050.08
000052.16
000051.20
000052.20
000053.20
000053.68
000054.08
000054.56
000056.08
000059.12
000059.88
000069.16
000077.48
000081.92
000083.80
000086.88
000090.80
000093.32
000093.68
000069.60
000032.92
000074.44
000105.92
000127.64
000126.68
000118.56
000109.20
000098.20
000093.60
000090.12
000085.00
000075.36
000067.16
000062.36
000062.60
000057.16
000053.04
000048.20
000045.48
000040.60
000035.88
000034.28
000035.88
000039.08
000041.60
000040.68
000040.76
000043.60
000049.00
000054.40
000060.16
000070.44
000081.44
000094.72
000107.96
000111.08
000114.40
000111.16
000103.92
000091.40
000081.88
000072.88
000068.68
000059.52
000047.28
000046.44
000042.04
000037.36
000041.16
000037.80
000036.96
000037.44
000037.68
000037.72
000039.68
000042.96
000045.00
000045.80
000046.88
000048.80
000050.64
000051.56
000051.76
000053.40
000057.36
000058.52
000060.44
000069.80
000082.32
000090.96
000094.24
000093.60
000096.76
000096.96
000075.40
000034.40
000088.00
000113.44
000129.76
000125.96
000118.40
000109.56
000092.20
000079.92
000066.80
000061.76
000056.52
000054.20
000051.16
000045.56
000036.56
000030.20
000029.04
000023.92
000026.00
000025.16
000023.92
000022.80
000024.64
000024.72
000029.08
000030.92
000034.48
000040.40
000044.84
000052.12
000064.08
000078.72
000099.12
000108.68
000111.00
000115.52
000114.56
000105.80
000091.84
000079.40
000072.76
000064.96
000056.88
000049.76
000041.96
000033.12
000032.20
000031.52
000030.84
000027.24
000025.56
000027.48
000028.84
000030.28
000030.16
000034.72
000035.48
000039.60
000039.16
000041.48
000043.32
000047.68
000051.04
000048.40
000051.72
000058.60
000065.24
000073.96
000086.00
000091.56
000097.00
000095.00
000098.36
000076.40
000036.92
000090.84
000114.16
000131.04
000125.60
000115.36
000102.00
000080.92
000065.88
000057.56
000048.52
000046.28
000036.76
000037.40
000030.68
000023.96
000025.08
000019.36
000017.44
000016.48
000016.48
000016.28
000015.72
000016.20
000016.92
000019.40
000022.60
000023.48
000028.56
000039.32
000047.88
000061.64
000082.20
000099.16
000109.96
000113.40
000117.04
000118.28
000113.12
000097.00
000078.16
000070.16
000064.84
000054.56
000041.64
000033.48
000027.52
000024.52
000026.08
000021.20
000021.72
000022.16
000022.72
000022.52
000022.04
000024.76
000028.56
000029.12
000028.16
000027.88
000030.04
000031.36
000033.20
000040.08
000048.68
000047.28
000055.24
000065.52
000068.48
000079.68
000089.24
000093.96
000094.52
000099.68
000082.48
000039.56
000095.24
000123.64
000133.24
000124.52
000114.32
000096.00
000078.32
000064.92
000050.40
000047.88
000048.00
000042.92
000036.48
000038.16
000030.24
000027.60
000022.68
000017.32
000016.88
000014.44
000011.44
000010.08
000007.80
000010.84
000014.88
000017.28
000021.80
000027.44
000035.96
000044.40
000061.20
000086.20
000101.16
000112.32
000117.84
000122.20
000121.16
000112.08
000093.72
000077.84
000067.64
000064.72
000052.72
000041.44
000037.80
000030.72
000026.32
000025.12
000025.40
000023.64
000024.32
000022.52
000019.32
000019.28
000019.96
000023.48
000023.80
000025.56
000028.04
000031.48
000033.96
000034.88
000036.68
000038.36
000045.72
000052.20
000060.08
000065.84
000071.04
000081.12
000091.28
000091.76
000096.60
000085.52
000042.36
000100.92
000130.56
000136.36
000124.88
000114.96
000099.32
000080.24
000065.08
000058.00
000050.24
000045.00
000051.28
000055.44
000061.68
000046.92
000037.04
000021.40
000017.40
000012.48
000014.20
000011.12
000009.12
000009.52
000007.84
000012.04
000021.04
000027.64
000035.80
000035.64
000047.48
000068.96
000089.92
000104.72
000114.52
000118.04
000120.04
000120.60
000111.60
000094.24
000077.76
000070.60
000065.44
000057.96
000051.80
000046.88
000039.32
000029.20
000025.44
000026.56
000026.12
000022.88
000026.48
000024.52
000019.44
000022.80
000022.80
000026.96
000029.60
000032.88
000034.36
000037.04
000040.96
000041.20
000041.88
000046.44
000058.20
000063.52
000067.76
000070.28
000077.80
000087.68
000090.88
000094.40
000089.96
000050.44
000103.08
000131.48
000140.80
000130.52
000119.32
000108.08
000091.96
000070.56
000067.28
000069.56
000072.32
000070.16
000068.80
000074.64
000058.12
000044.84
000028.48
000020.76
000017.48
000020.44
000015.16
000013.72
000014.80
000015.72
000018.72
000027.68
000032.44
000042.40
000045.36
000057.16
000081.36
000096.92
000112.72
000123.04
000127.48
000129.20
000127.16
000118.32
000100.96
000085.00
000075.20
000067.92
000061.56
000054.08
000048.80
000041.52
000039.44
000040.16
000036.28
000031.00
000028.80
000027.40
000033.56
000027.72
000024.12
000028.76
000029.20
000035.00
000036.84
000034.84
000036.88
000040.64
000039.52
000039.84
000042.92
000047.20
000056.68
000062.56
000068.08
000073.92
000083.60
000090.08
000095.44
000094.72
000055.96
000106.76
000134.52
000143.84
000137.24
000130.64
000122.84
000108.88
000092.32
000091.16
000084.84
000075.72
000071.00
000069.28
000073.48
000067.32
000048.92
000032.84
000028.92
000022.84
000022.12
000024.72
000024.20
000021.68
000027.08
000026.56
000034.20
000042.96
000049.48
000054.68
000066.72
000088.56
000104.92
000117.84
000128.60
000137.76
000139.96
000135.48
000123.44
000105.64
000093.12
000083.36
000078.00
000070.52
000061.68
000058.88
000051.72
000049.16
000049.92
000040.24
000035.32
000036.48
000034.92
000033.60
000035.04
000031.48
000032.72
000028.64
000032.00
000038.80
000041.84
000038.80
000035.92
000038.16
000041.68
000043.36
000046.28
000051.28
000056.68
000064.68
000077.08
000086.04
000092.04
000094.96
000095.28
000059.60
000111.48
000140.92
000148.96
000142.36
000143.36
000137.24
000121.48
000112.56
000099.60
000092.96
000090.16
000084.32
000077.88
000072.44
000068.40
000056.32
000033.12
000026.68
000021.52
000019.96
000021.52
000026.92
000030.32
000031.36
000033.40
000042.92
000049.04
000056.84
000065.44
000076.92
000093.08
000109.64
000123.36
000136.00
000146.72
000147.56
000142.32
000127.88
000110.04
000096.72
000088.60
000082.00
000075.04
000067.60
000063.16
000057.00
000054.80
000049.80
000045.56
000040.44
000037.80
000041.24
000031.72
000028.32
000029.36
000025.84
000028.84
000030.40
000033.28
000040.60
000040.56
000035.92
000035.44
000036.04
000044.64
000048.76
000054.48
000058.00
000062.36
000074.04
000083.24
000090.04
000094.84
000095.76
000065.64
000118.60
000147.68
000154.76
000146.68
000148.32
000147.04
000131.88
000116.60
000107.72
000103.16
000096.24
000090.04
000084.32
000082.68
000075.64
000061.04
000044.40
000030.00
000032.68
000028.52
000030.92
000030.48
000039.44
000041.64
000046.28
000052.80
000064.56
000070.40
000077.20
000092.12
000100.76
000112.88
000125.04
000137.40
000147.52
000151.00
000144.24
000128.76
000114.76
000104.16
000090.88
000082.76
000072.80
000067.08
000065.20
000060.64
000061.88
000053.60
000051.92
000045.72
000043.24
000042.36
000040.28
000031.80
000024.40
000024.68
000025.76
000031.20
000034.36
000040.68
000038.20
000039.28
000039.40
000040.76
000040.16
000047.96
000055.72
000064.00
000069.76
000074.52
000081.88
000090.92
000098.48
000097.84
000068.68
000126.72
000152.84
000160.76
000153.32
000156.76
000157.76
000140.52
000132.00
000123.92
000116.12
000103.08
000094.84
000092.12
000091.84
000087.04
000079.88
000060.76
000048.00
000039.24
000036.96
000036.12
000037.96
000047.04
000052.84
000063.96
000070.28
000075.96
000076.92
000085.16
000101.16
000112.04
000122.44
000132.64
000141.32
000149.36
000153.08
000145.16
000130.88
000113.20
000103.80
000096.92
000089.04
000080.64
000070.32
000066.60
000066.44
000068.72
000067.28
000061.76
000049.32
000045.88
000043.32
000037.96
000035.76
000033.16
000026.96
000028.64
000038.32
000045.36
000045.72
000043.84
000041.76
000043.92
000048.48
000049.28
000056.04
000062.00
000072.60
000083.20
000090.40
000094.56
000097.88
000096.48
000099.12
000071.88
000135.76
000158.40
000165.92
000161.24
000160.60
000162.00
000153.20
000145.28
000139.36
000129.36
000120.28
000111.60
000104.00
000106.32
000100.00
000086.80
000067.08
000058.44
000054.08
000050.00
000047.80
000051.80
000060.88
000068.64
000081.56
000084.96
000089.12
000091.08
000100.88
000113.12
000120.08
000131.52
000140.48
000149.36
000153.12
000157.48
000147.60
000131.84
000118.12
000109.28
000099.68
000093.72
000082.80
000071.96
000068.32
000070.28
000071.52
000073.08
000069.64
000065.52
000054.92
000047.40
000040.72
000034.28
000035.00
000031.44
000032.96
000043.56
000051.68
000053.68
000048.96
000054.40
000063.36
000065.88
000065.48
000067.00
000068.52
000071.48
000086.28
000098.92
000105.12
000105.08
000102.76
000102.44
000077.16
000139.80
000164.36
000171.12
000171.52
000169.92
000173.12
000165.88
000157.12
000148.60
000144.80
000133.12
000118.40
000108.32
000108.04
000105.12
000098.12
000074.44
000064.24
000058.44
000054.80
000055.72
000062.92
000074.96
000084.20
000089.04
000093.48
000100.80
000103.88
000112.12
000120.44
000131.40
000142.84
000146.76
000156.00
000161.40
000163.20
000152.32
000137.08
000122.72
000116.36
000106.96
000099.72
000089.80
000077.76
000075.84
000075.60
000078.52
000082.32
000084.60
000081.60
000067.76
000055.60
000047.20
000043.48
000044.16
000041.80
000042.12
000047.32
000049.36
000061.60
000067.80
000071.60
000070.80
000072.64
000072.00
000074.76
000082.24
000085.36
000092.24
000101.48
000107.20
000107.12
000104.80
000102.68
000086.08
000145.16
000172.76
000177.04
000184.00
000180.08
000183.16
000183.28
000174.80
000163.72
000159.28
000148.28
000136.84
000119.12
000108.16
000103.24
000101.84
000085.72
000069.12
000063.84
000064.60
000068.20
000078.96
000088.64
000097.56
000099.64
000106.32
000112.80
000116.92
000126.60
000130.08
000139.00
000152.92
000155.04
000160.72
000169.08
000164.28
000156.40
000143.20
000131.80
000123.72
000112.92
000103.76
000093.92
000082.44
000080.20
000080.44
000084.96
000089.04
000084.32
000085.52
000078.44
000076.48
000062.20
000055.88
000056.00
000057.00
000056.40
000054.72
000058.24
000071.88
000078.12
000077.80
000075.56
000080.68
000085.92
000081.80
000084.20
000088.48
000091.92
000101.44
000104.04
000107.92
000106.68
000103.64
000093.00
000155.48
000175.52
000183.96
000190.68
000192.04
000181.84
000182.44
000184.04
000174.48
000161.76
000151.92
000147.68
000135.76
000121.08
000110.32
000101.68
000096.88
000086.96
000080.88
000085.16
000092.04
000099.32
000107.40
000110.80
000116.08
000126.12
000130.20
000130.12
000135.56
000139.68
000150.32
000155.00
000159.72
000167.04
000168.64
000162.56
000158.32
000150.68
000144.88
000135.00
000123.16
000108.36
000098.48
000087.80
000084.00
000086.32
000086.96
000093.56
000092.00
000092.16
000083.76
000085.36
000076.68
000067.28
000066.36
000068.68
000067.20
000066.88
000073.84
000080.36
000082.48
000084.92
000090.40
000105.36
000106.36
000099.12
000094.24
000094.92
000098.88
000103.76
000108.48
000106.36
000108.68
000104.32
000101.64
000163.64
000168.16
000178.88
000193.32
000197.20
000194.04
000183.68
000177.96
000176.96
000168.12
000155.28
000148.88
000144.56
000133.64
000122.60
000115.48
000107.40
000102.28
000101.96
000101.16
000104.16
000112.04
000116.40
000121.68
000128.88
000131.00
000131.64
000137.08
000139.00
000149.32
000156.96
000155.68
000163.84
000170.28
000167.44
000165.88
000162.12
000161.56
000157.48
000141.80
000126.80
000110.88
000101.48
000094.56
000088.80
000087.64
000089.48
000095.68
000096.84
000095.76
000087.96
000084.24
000085.56
000081.88
000079.52
000078.84
000077.84
000076.00
000080.60
000086.20
000092.68
000100.36
000111.44
000116.44
000114.04
000112.96
000112.84
000111.28
000112.08
000110.24
000109.20
000106.96
000107.20
000103.24
000106.24
000169.12
000173.56
000177.68
000180.64
000186.24
000188.12
000186.32
000185.04
000175.36
000170.08
000159.80
000153.20
000148.16
000139.60
000130.56
000122.92
000113.80
000110.68
000111.56
000112.72
000117.16
000120.84
000126.24
000131.92
000133.08
000134.44
000139.00
000144.92
000150.84
000157.04
000157.48
000161.36
000170.56
000169.68
000167.36
000168.40
000169.16
000176.20
000168.60
000151.24
000134.56
000116.80
000102.64
000101.56
000092.96
000093.72
000091.76
000094.52
000096.84
000098.32
000098.00
000093.36
000088.56
000084.96
000084.72
000086.64
000084.00
000087.80
000087.60
000089.04
000099.08
000112.24
000119.88
000121.12
000119.12
000118.92
000118.12
000117.44
000115.96
000114.08
000111.60
000111.28
000107.64
000106.04
000110.48
000178.24
000179.00
000188.76
000189.36
000185.12
000182.32
000179.68
000179.52
000175.96
000168.96
000160.60
000150.20
000142.52
000137.56
000134.40
000127.60
000122.88
000120.60
000117.96
000120.84
000124.08
000124.36
000130.20
000131.72
000133.20
000134.68
000142.44
000150.80
000157.44
000158.48
000157.64
000168.32
000169.56
000167.52
000166.68
000172.72
000176.56
000176.44
000170.68
000155.24
000136.52
000119.60
000102.44
000097.80
000098.68
000095.96
000097.72
000095.04
000102.32
000104.84
000103.32
000095.28
000093.56
000092.76
000093.08
000091.16
000095.32
000091.64
000096.88
000103.64
000109.68
000116.44
000120.24
000119.24
000121.96
000121.48
000121.28
000119.28
000116.48
000114.60
000112.92
000111.72
000107.72
000110.04
000106.84
000175.16
000181.76
000187.24
000188.04
000193.20
000191.96
000191.32
000183.76
000175.72
000171.92
000163.88
000154.00
000144.04
000138.92
000130.96
000126.52
000123.16
000122.84
000122.44
000122.00
000124.32
000126.36
000129.08
000129.08
000133.04
000143.64
000154.60
000159.28
000161.12
000154.96
000161.92
000166.84
000165.00
000166.28
000174.20
000181.40
000182.88
000177.00
000169.80
000159.12
000145.20
000125.64
000107.96
000095.88
000095.52
000099.48
000097.00
000100.76
000104.44
000109.68
000110.64
000106.64
000103.76
000098.48
000094.40
000093.68
000096.36
000096.60
000099.32
000103.00
000107.40
000113.80
000120.04
000125.32
000128.16
000126.04
000124.80
000122.92
000118.72
000116.56
000112.76
000110.80
000108.24
000114.68
000106.48
000169.12
000176.84
000183.16
000186.28
000186.80
000186.96
000187.12
000187.64
000188.72
000182.28
000176.96
000170.80
000160.92
000153.84
000142.60
000137.24
000131.56
000130.20
000129.20
000130.76
000132.76
000131.48
000132.08
000133.48
000141.48
000151.80
000155.24
000158.20
000155.36
000156.44
000166.00
000162.80
000164.44
000170.28
000181.48
000183.68
000183.12
000176.68
000170.40
000160.92
000148.92
000131.00
000108.32
000098.04
000092.16
000089.64
000097.96
000101.80
000104.60
000112.16
000114.92
000114.04
000113.24
000109.64
000108.16
000105.52
000104.52
000103.80
000107.80
000110.52
000116.84
000121.36
000126.60
000130.60
000131.88
000128.20
000125.52
000123.80
000119.20
000116.16
000114.84
000111.36
000108.00
000106.20
000108.00
000168.44
000176.84
000180.40
000181.92
000182.64
000185.44
000185.40
000184.88
000183.52
000180.44
000178.40
000174.40
000171.84
000168.40
000163.96
000158.68
000154.04
000151.72
000147.12
000144.60
000145.28
000143.88
000140.20
000140.56
000151.04
000155.92
000155.96
000153.68
000152.44
000160.64
000163.52
000164.92
000173.56
000183.56
000187.64
000186.68
000184.36
000177.64
000170.36
000161.72
000151.08
000135.00
000111.12
000098.52
000092.04
000090.60
000091.92
000100.80
000105.24
000110.36
000110.84
000114.20
000117.96
000119.00
000117.52
000116.08
000112.52
000113.16
000117.00
000121.52
000125.44
000127.32
000129.64
000132.00
000130.84
000130.36
000124.72
000122.80
000119.16
000115.08
000108.88
000102.00
000098.28
000102.56
000110.32
000168.36
000178.16
000181.72
000182.68
000182.60
000184.56
000185.52
000186.44
000184.52
000180.96
000179.00
000173.72
000172.12
000171.16
000170.44
000168.64
000167.12
000164.84
000161.84
000160.12
000158.24
000155.64
000150.68
000150.80
000159.28
000151.68
000147.48
000149.24
000158.60
000166.60
000169.20
000174.28
000182.44
000189.52
000191.56
000189.24
000185.00
000180.16
000173.16
000162.60
000153.16
000138.08
000121.84
000101.80
000090.84
000090.44
000087.96
000095.72
000106.00
000105.92
000110.84
000113.48
000117.76
000121.04
000119.84
000117.56
000120.48
000120.64
000122.72
000125.80
000128.64
000130.08
000132.12
000133.32
000131.92
000128.00
000124.84
000121.44
000115.56
000109.88
000104.04
000099.40
000095.72
000103.68
000112.08
000166.64
000173.20
000176.84
000180.44
000184.80
000188.60
000188.04
000187.52
000186.96
000186.84
000184.04
000180.84
000179.24
000176.88
000175.44
000172.48
000171.88
000168.48
000166.56
000166.12
000159.88
000154.32
000151.32
000152.16
000151.12
000142.84
000142.40
000151.68
000162.80
000169.12
000174.52
000182.84
000189.76
000194.68
000194.88
000190.60
000184.80
000179.48
000173.44
000164.28
000154.60
000141.40
000123.40
000104.76
000088.88
000084.84
000086.32
000091.28
000107.24
000111.76
000113.36
000117.96
000124.88
000127.04
000125.80
000126.96
000123.80
000125.96
000128.36
000130.52
000131.80
000133.00
000134.00
000133.24
000130.48
000127.32
000123.04
000118.44
000113.48
000108.92
000102.88
000095.60
000091.20
000103.28
000101.24
000165.76
000170.52
000172.20
000174.24
000179.20
000184.72
000184.68
000188.60
000189.00
000191.20
000187.92
000185.64
000183.36
000182.72
000183.40
000186.00
000180.72
000178.52
000175.32
000170.00
000162.08
000156.68
000152.76
000151.00
000148.64
000141.24
000145.20
000154.16
000166.16
000174.36
000179.52
000190.52
000195.08
000197.56
000194.72
000190.32
000184.28
000178.32
000174.28
000168.40
000156.44
000143.48
000131.24
000113.64
000095.24
000087.92
000085.20
000092.08
000099.40
000107.36
000113.08
000116.84
000124.20
000127.76
000132.80
000138.08
000137.60
000136.04
000135.48
000136.20
000135.80
000137.24
000137.96
000137.28
000133.96
000128.52
000123.36
000116.80
000109.64
000103.32
000097.92
000093.28
000091.76
000099.40
000094.80
000161.32
000167.68
000166.80
000170.40
000174.00
000177.36
000179.68
000185.44
000187.68
000191.28
000192.40
000192.84
000191.48
000190.48
000187.28
000185.64
000180.60
000179.40
000174.00
000167.00
000162.80
000158.08
000151.48
000145.52
000138.48
000137.52
000146.04
000158.96
000171.68
000178.12
000185.52
000189.68
000191.12
000194.52
000194.24
000190.40
000184.40
000178.52
000174.92
000167.96
000157.08
000146.08
000136.36
000121.64
000104.64
000095.96
000086.68
000087.88
000099.12
000099.24
000105.88
000114.24
000118.76
000122.64
000130.68
000134.40
000134.32
000135.40
000136.96
000139.08
000141.04
000142.24
000138.92
000135.72
000132.64
000125.76
000121.12
000118.44
000112.52
000103.64
000101.44
000099.68
000094.80
000098.68
000103.28
000158.88
000162.92
000158.84
000165.36
000166.52
000172.08
000177.52
000179.80
000188.76
000190.88
000194.40
000192.52
000192.00
000192.64
000191.08
000188.80
000186.76
000185.36
000175.84
000166.44
000162.48
000156.68
000148.08
000140.12
000138.20
000137.12
000143.44
000162.96
000174.72
000181.08
000183.88
000185.72
000187.04
000189.76
000190.96
000188.16
000184.20
000178.08
000172.60
000162.72
000155.00
000147.56
000137.20
000125.56
000112.00
000101.28
000089.36
000082.88
000085.24
000098.16
000105.72
000108.28
000116.96
000121.84
000122.08
000127.96
000129.44
000132.92
000135.24
000136.00
000136.92
000137.36
000134.36
000133.72
000126.80
000121.20
000114.92
000110.12
000108.04
000104.76
000098.00
000088.84
000087.00
000099.64
000105.44
000155.44
000159.60
000158.88
000158.20
000162.04
000169.40
000172.64
000178.92
000187.80
000189.20
000190.96
000191.72
000190.68
000189.84
000188.40
000185.96
000182.36
000176.96
000168.36
000160.20
000160.44
000152.16
000142.36
000136.32
000130.84
000135.00
000147.96
000167.28
000177.96
000179.00
000176.40
000178.40
000180.84
000185.56
000185.52
000181.16
000175.48
000170.00
000163.76
000154.52
000148.68
000142.24
000139.56
000131.80
000115.68
000100.80
000089.80
000085.64
000087.12
000089.32
000094.12
000104.68
000110.84
000118.48
000124.20
000124.36
000123.72
000127.32
000130.12
000130.84
000131.32
000129.08
000124.60
000120.60
000112.48
000110.68
000104.64
000100.56
000096.76
000092.68
000088.04
000084.84
000086.12
000101.20
000104.08
000154.52
000155.88
000155.36
000154.68
000157.52
000163.60
000169.20
000179.40
000184.32
000185.00
000187.36
000188.64
000187.48
000186.68
000184.40
000181.48
000177.08
000169.12
000158.52
000150.00
000145.72
000139.12
000134.04
000129.24
000128.52
000129.88
000148.48
000164.24
000169.24
000169.64
000169.80
000171.76
000172.40
000174.76
000174.68
000171.92
000162.76
000156.24
000152.08
000145.72
000140.64
000135.28
000134.20
000133.72
000124.36
000107.20
000089.60
000087.64
000087.20
000086.84
000089.04
000096.96
000105.64
000111.84
000117.80
000119.88
000122.00
000125.24
000128.92
000130.92
000128.96
000124.52
000119.60
000117.76
000114.52
000110.60
000106.20
000102.56
000096.92
000091.04
000090.12
000089.60
000087.72
000095.12
000095.36
000153.44
000153.80
000154.00
000148.36
000151.12
000160.40
000167.04
000174.84
000178.48
000179.84
000182.16
000182.72
000181.60
000180.64
000178.68
000175.48
000169.24
000160.92
000151.00
000145.96
000137.32
000130.36
000125.04
000120.64
000118.12
000125.40
000144.88
000154.84
000157.04
000157.80
000157.28
000161.96
000163.44
000163.40
000161.68
000157.32
000149.48
000145.48
000141.28
000134.92
000125.92
000125.32
000128.92
000129.48
000122.36
000106.80
000088.52
000080.84
000079.44
000080.88
000083.44
000089.76
000100.20
000106.72
000111.20
000115.36
000117.32
000120.28
000125.28
000127.76
000126.80
000123.52
000117.04
000113.08
000114.20
000108.76
000103.04
000097.84
000093.56
000087.92
000087.24
000085.60
000083.72
000103.32
000102.88
000153.08
000149.72
000147.44
000143.88
000151.20
000158.40
000164.68
000170.00
000170.20
000172.12
000175.24
000174.60
000173.52
000173.28
000171.20
000166.24
000156.60
000151.44
000143.56
000140.60
000133.52
000125.52
000116.92
000113.76
000113.76
000123.32
000134.20
000143.24
000146.32
000139.16
000136.16
000139.00
000144.44
000147.00
000145.84
000140.40
000131.56
000126.80
000121.04
000115.04
000116.44
000117.68
000121.48
000121.92
000121.00
000110.96
000090.68
000072.32
000070.68
000076.36
000082.04
000085.76
000094.20
000102.60
000108.12
000112.68
000115.52
000119.20
000122.52
000123.92
000124.16
000121.08
000114.40
000109.72
000110.48
000107.32
000102.76
000098.16
000092.44
000088.36
000087.96
000089.52
000093.88
000105.44
000102.64
000152.04
000151.28
000142.12
000141.40
000149.96
000157.68
000162.60
000161.40
000163.08
000164.76
000166.40
000166.76
000165.80
000165.32
000159.40
000151.68
000146.68
000144.84
000139.28
000135.08
000127.96
000119.80
000110.76
000107.56
000106.88
000115.64
000123.76
000131.00
000131.32
000124.64
000120.56
000120.68
000124.64
000123.96
000121.00
000118.08
000114.80
000111.80
000105.88
000100.76
000101.36
000104.04
000107.12
000109.64
000111.16
000107.04
000088.20
000069.64
000063.88
000070.84
000078.80
000082.24
000087.16
000096.28
000100.80
000105.00
000110.12
000112.24
000115.48
000116.80
000115.00
000112.76
000111.12
000107.32
000103.84
000102.60
000099.04
000093.00
000088.76
000085.68
000086.60
000089.08
000091.24
000097.96
000106.72
000156.28
000152.88
000148.84
000143.52
000146.40
000151.44
000158.40
000155.72
000157.32
000156.60
000157.92
000159.60
000159.08
000154.16
000147.84
000141.64
000143.56
000142.80
000137.40
000125.84
000119.88
000116.20
000111.20
000109.24
000111.56
000118.76
000122.20
000117.60
000106.72
000102.96
000107.92
000111.00
000110.20
000106.72
000100.96
000101.12
000099.24
000096.20
000094.00
000094.08
000092.60
000095.00
000095.52
000098.16
000100.84
000100.84
000088.04
000072.36
000062.64
000064.44
000073.60
000080.08
000081.56
000088.08
000093.52
000100.60
000103.32
000104.60
000107.00
000107.12
000106.88
000104.88
000104.28
000103.20
000099.24
000096.76
000090.88
000086.20
000083.96
000081.32
000083.20
000087.00
000088.84
000099.24
000111.56
000158.40
000153.04
000148.56
000148.28
000148.52
000150.40
000152.76
000150.80
000149.92
000147.92
000149.16
000150.00
000146.72
000141.96
000138.64
000136.60
000137.04
000132.48
000125.00
000114.36
000110.24
000111.24
000111.28
000112.68
000122.40
000126.24
000122.00
000104.80
000097.16
000096.32
000096.48
000098.12
000100.92
000095.76
000088.68
000087.20
000086.64
000087.20
000087.36
000087.40
000087.36
000089.28
000090.16
000093.00
000093.24
000093.76
000088.48
000076.84
000068.84
000065.32
000072.80
000079.64
000080.68
000082.48
000088.36
000095.96
000096.68
000097.76
000097.92
000098.20
000098.60
000097.92
000094.76
000095.20
000093.72
000088.24
000079.56
000078.12
000080.32
000078.56
000080.12
000085.24
000092.08
000106.12
000119.64
000159.08
000151.64
000149.80
000152.28
000148.20
000149.24
000145.44
000147.16
000143.40
000141.44
000142.76
000141.12
000134.92
000130.88
000130.76
000132.56
000133.16
000122.36
000112.32
000107.84
000103.80
000108.00
000115.12
000122.92
000135.48
000132.76
000125.28
000112.48
000103.80
000100.04
000098.08
000095.96
000095.28
000095.52
000089.48
000083.68
000079.68
000082.36
000080.76
000080.08
000082.44
000082.40
000085.88
000089.56
000088.40
000088.64
000090.44
000088.36
000076.88
000068.96
000072.88
000079.48
000079.36
000076.16
000082.60
000088.12
000092.76
000092.08
000092.40
000094.36
000094.08
000091.12
000089.04
000087.68
000089.40
000084.16
000074.08
000074.24
000078.60
000077.76
000080.00
000085.52
000098.68
000112.00
000125.68
000161.60
000150.80
000154.12
000156.24
000146.04
000148.04
000144.00
000139.04
000135.76
000135.48
000133.80
000128.40
000126.12
000124.44
000124.68
000127.32
000123.80
000115.56
000109.84
000103.92
000102.64
000111.56
000123.32
000135.76
000147.12
000140.48
000128.24
000119.72
000111.84
000103.60
000098.68
000096.56
000095.72
000092.08
000085.08
000080.00
000077.52
000077.04
000076.24
000075.00
000074.52
000077.20
000080.52
000082.88
000085.04
000089.32
000091.92
000095.68
000086.40
000075.76
000081.36
000084.28
000082.84
000077.48
000079.96
000082.20
000085.80
000085.32
000085.52
000084.08
000085.84
000083.84
000081.16
000077.68
000076.56
000079.96
000078.00
000068.92
000070.52
000075.32
000075.88
000089.16
000098.16
000123.32
000131.60
000164.00
000155.76
000156.80
000157.24
000149.08
000147.48
000144.36
000139.32
000131.44
000127.68
000125.68
000121.24
000119.64
000122.56
000123.52
000122.76
000116.00
000107.80
000104.12
000103.12
000108.92
000119.04
000129.24
000138.68
000150.52
000141.40
000129.20
000119.36
000111.60
000104.96
000103.16
000103.56
000100.32
000096.88
000089.48
000081.00
000075.68
000072.80
000071.96
000074.32
000074.80
000072.60
000073.64
000076.80
000082.28
000089.36
000092.68
000100.16
000095.36
000082.36
000084.08
000087.68
000087.64
000078.92
000078.88
000078.84
000079.32
000079.72
000078.68
000076.96
000078.08
000078.84
000078.08
000072.48
000072.08
000074.56
000071.28
000065.92
000067.96
000072.68
000074.60
000087.08
000102.52
000126.16
000133.84
000171.92
000164.64
000154.88
000155.56
000150.80
000150.72
000140.96
000135.04
000127.84
000123.84
000118.72
000114.60
000112.76
000118.80
000119.32
000114.60
000110.84
000104.80
000104.76
000107.36
000113.56
000127.56
000137.48
000146.84
000154.00
000150.16
000138.48
000126.72
000117.88
000110.08
000104.60
000106.68
000105.92
000100.92
000090.64
000081.28
000075.48
000071.84
000069.68
000068.80
000065.80
000065.08
000066.00
000069.52
000074.76
000081.68
000090.72
000101.72
000099.88
000087.60
000085.44
000089.64
000088.64
000079.88
000077.16
000077.20
000076.04
000075.16
000072.96
000070.40
000070.24
000072.48
000074.64
000072.52
000066.84
000067.68
000067.60
000067.04
000069.04
000074.64
000076.72
000085.32
000102.44
000120.52
000137.92
000174.56
000163.84
000157.60
000159.08
000152.76
000147.32
000141.64
000134.12
000127.20
000121.28
000116.88
000110.64
000108.52
000117.04
000117.12
000111.12
000108.96
000106.80
000108.80
000113.24
000120.60
000134.12
000146.16
000153.92
000153.12
000147.76
000140.00
000128.16
000121.76
000115.44
000111.80
000114.28
000111.48
000104.12
000090.88
000079.88
000076.24
000074.84
000070.84
000065.60
000060.16
000058.16
000060.04
000062.00
000065.68
000073.56
000085.12
000097.68
000100.84
000089.84
000087.28
000089.84
000086.44
000081.12
000079.12
000080.00
000077.64
000075.68
000072.36
000067.12
000064.88
000067.92
000072.44
000073.76
000064.72
000063.20
000066.56
000069.04
000069.76
000072.12
000083.72
000097.00
000111.48
000126.16
000153.24
000180.44
000159.32
000149.36
000157.72
000156.44
000143.28
000142.28
000134.44
000129.72
000122.16
000114.16
000108.68
000109.80
000117.88
000116.04
000111.84
000108.08
000110.16
000110.68
000118.00
000131.40
000145.52
000150.76
000153.44
000151.16
000143.00
000132.84
000124.76
000119.24
000116.68
000112.64
000111.00
000104.64
000096.88
000084.52
000078.52
000078.12
000077.92
000074.76
000068.84
000061.08
000058.28
000058.84
000060.40
000063.24
000071.52
000082.84
000094.08
000097.32
000088.96
000086.12
000086.72
000083.12
000079.96
000079.16
000079.60
000078.36
000075.52
000071.16
000065.68
000060.64
000060.92
000066.20
000068.60
000063.56
000058.44
000065.52
000069.24
000069.56
000067.96
000086.16
000102.40
000126.32
000130.72
000159.64
000185.56
000169.12
000147.20
000152.48
000157.60
000147.60
000139.28
000135.52
000131.84
000122.20
000111.28
000106.12
000109.72
000114.72
000112.28
000110.36
000111.20
000113.48
000113.76
000122.80
000140.20
000152.16
000153.52
000154.32
000152.48
000143.80
000136.40
000128.64
000122.12
000116.28
000109.28
000104.48
000099.20
000093.16
000081.40
000077.56
000077.88
000077.80
000076.12
000071.84
000066.16
000062.24
000061.60
000061.92
000065.20
000073.04
000081.16
000088.44
000093.00
000086.00
000084.36
000084.92
000083.52
000081.40
000077.88
000076.08
000076.88
000075.88
000074.12
000068.40
000060.96
000058.76
000062.20
000065.48
000061.24
000056.08
000063.52
000066.04
000068.28
000070.16
000088.08
000103.68
000124.80
000135.12
000166.96
000186.60
000178.76
000155.92
000157.92
000156.24
000151.92
000141.32
000141.20
000132.44
000123.32
000113.76
000108.68
000110.76
000110.88
000108.88
000108.36
000113.20
000114.68
000120.36
000130.92
000140.76
000149.84
000152.52
000152.96
000154.40
000149.36
000144.24
000132.88
000124.52
000119.20
000112.08
000110.12
000102.76
000096.60
000085.32
000080.72
000080.08
000080.92
000081.08
000078.20
000072.16
000069.04
000067.24
000068.76
000071.04
000075.92
000082.08
000087.92
000089.36
000083.32
000082.68
000082.04
000081.76
000081.52
000077.32
000073.52
000072.08
000072.84
000073.28
000068.64
000061.44
000058.56
000062.20
000065.72
000060.00
000055.04
000062.28
000066.72
000068.72
000071.00
000089.04
000106.48
000126.84
000157.08
000183.36
000186.76
000182.72
000158.44
000163.40
000153.76
000151.56
000142.64
000139.92
000131.60
000124.88
000116.68
000111.36
000112.40
000108.56
000107.56
000108.36
000112.28
000119.44
000128.64
000138.40
000143.20
000146.20
000149.72
000148.60
000144.80
000144.56
000141.80
000131.56
000123.96
000120.40
000113.76
000108.92
000103.84
000099.32
000090.96
000085.68
000084.84
000087.64
000088.00
000083.48
000082.20
000077.08
000075.52
000075.56
000074.92
000079.20
000083.60
000087.08
000084.64
000082.68
000080.44
000078.24
000076.52
000078.00
000076.24
000070.36
000068.12
000068.32
000070.48
000067.00
000060.48
000059.08
000062.92
000069.88
000060.28
000055.72
000061.04
000067.04
000069.40
000073.60
000094.08
000114.48
000134.88
000171.40
000186.24
000186.92
000185.80
000161.20
000162.40
000155.88
000153.04
000142.36
000141.44
000137.28
000123.56
000120.20
000114.84
000116.48
000108.60
000107.12
000112.84
000118.96
000120.84
000125.32
000129.48
000136.48
000137.64
000138.28
000144.00
000141.24
000138.60
000137.28
000134.00
000125.04
000115.12
000107.84
000105.60
000100.08
000094.44
000091.12
000090.36
000089.56
000088.80
000089.08
000086.08
000076.44
000077.64
000078.76
000081.16
000086.12
000088.76
000088.04
000089.44
000085.48
000083.96
000080.04
000073.60
000069.16
000071.36
000073.96
000071.64
000066.44
000067.76
000070.40
000071.28
000064.44
000061.80
000062.44
000068.00
000062.16
000060.76
000061.52
000063.68
000065.32
000078.72
000093.84
000128.64
000141.16
000178.08
000185.28
000187.04
000185.40
000164.88
000160.76
000154.56
000154.32
000144.32
000142.60
000134.28
000129.40
000126.72
000123.16
000120.36
000119.28
000117.12
000122.00
000124.96
000125.72
000126.84
000126.88
000128.40
000129.76
000137.16
000143.52
000142.64
000138.36
000133.04
000127.96
000120.48
000112.32
000104.08
000098.56
000092.12
000084.12
000078.64
000079.00
000085.40
000090.68
000089.12
000079.64
000077.40
000077.40
000077.64
000077.88
000082.96
000090.64
000094.76
000094.08
000089.72
000086.84
000081.64
000070.88
000061.08
000062.40
000063.92
000063.72
000066.08
000066.64
000067.80
000070.12
000067.80
000065.72
000066.68
000070.04
000066.24
000059.32
000064.32
000060.84
000064.96
000084.08
000094.28
000119.08
000150.72
000180.48
000185.76
000188.12
000185.60
000167.56
000151.92
000145.80
000138.24
000130.48
000126.72
000129.44
000127.08
000129.28
000127.36
000125.56
000126.68
000123.28
000124.24
000122.56
000121.76
000119.16
000118.16
000119.44
000124.80
000132.12
000135.12
000133.64
000130.12
000122.92
000119.20
000114.16
000107.48
000098.92
000092.40
000084.80
000079.40
000074.56
000074.84
000081.80
000085.80
000081.32
000074.72
000071.08
000072.40
000074.36
000075.92
000079.36
000084.24
000086.24
000087.72
000089.92
000087.00
000080.72
000070.76
000058.28
000052.32
000055.80
000061.72
000065.40
000066.92
000066.08
000066.56
000068.48
000069.32
000068.96
000067.96
000062.88
000064.12
000062.28
000064.56
000067.52
000085.80
000099.08
000120.16
000153.64
000177.36
000185.28
000178.28
000175.16
000154.40
000137.24
000138.76
000133.72
000134.88
000125.32
000126.88
000123.28
000128.52
000127.88
000129.36
000130.00
000124.04
000123.32
000119.92
000117.56
000112.36
000109.24
000109.44
000117.48
000121.24
000116.16
000115.68
000114.64
000114.32
000110.88
000106.28
000100.56
000092.48
000086.24
000080.32
000075.16
000073.16
000077.68
000080.24
000078.88
000073.72
000071.20
000071.64
000071.44
000074.96
000078.76
000081.64
000085.48
000087.28
000086.28
000085.12
000082.20
000076.24
000066.80
000055.40
000049.28
000050.92
000058.96
000061.04
000065.24
000065.56
000064.08
000068.36
000070.68
000070.32
000066.76
000057.76
000066.72
000064.92
000060.08
000069.32
000081.96
000106.00
000126.40
000163.96
000175.84
000175.52
000168.80
000166.28
000156.84
000138.08
000136.56
000130.76
000133.44
000126.80
000119.16
000124.88
000124.12
000128.12
000130.44
000130.44
000126.76
000124.68
000118.48
000111.40
000104.12
000103.04
000097.72
000098.64
000100.76
000097.64
000097.48
000099.00
000099.32
000094.48
000087.80
000080.08
000073.52
000068.88
000062.76
000062.48
000064.12
000069.80
000070.64
000063.96
000060.56
000060.28
000062.60
000064.00
000070.08
000074.96
000078.64
000081.68
000081.64
000079.48
000080.12
000076.56
000068.88
000060.32
000055.12
000051.04
000055.56
000059.52
000062.52
000063.12
000064.20
000062.96
000067.80
000071.08
000069.12
000063.68
000061.92
000062.84
000060.96
000058.88
000072.16
000074.92
000109.72
000138.00
000169.32
000175.52
000175.04
000169.00
000167.16
000160.56
000139.72
000131.36
000119.80
000116.72
000112.92
000113.32
000118.60
000124.96
000127.48
000129.28
000127.76
000129.52
000124.24
000118.52
000108.64
000099.32
000093.12
000088.44
000087.56
000084.84
000085.80
000084.48
000085.00
000080.80
000071.52
000063.08
000060.68
000059.60
000059.32
000056.80
000056.08
000056.24
000056.60
000054.72
000054.36
000054.76
000056.16
000056.40
000056.80
000061.36
000064.08
000066.72
000070.40
000071.04
000068.52
000068.20
000064.96
000058.12
000056.64
000052.16
000050.28
000055.88
000060.36
000065.68
000064.40
000063.72
000064.36
000068.84
000072.16
000067.12
000060.40
000057.84
000060.32
000061.64
000060.36
000070.44
000074.00
000098.44
000148.20
000172.12
000175.20
000175.04
000164.16
000159.56
000154.28
000134.16
000124.80
000111.40
000114.52
000106.72
000106.12
000113.08
000119.80
000123.12
000126.32
000127.56
000127.32
000122.24
000115.92
000106.04
000095.96
000086.24
000079.76
000075.72
000069.68
000066.72
000068.40
000065.16
000061.96
000059.04
000057.80
000057.00
000056.24
000055.72
000055.88
000053.56
000052.24
000050.88
000050.48
000051.80
000051.72
000049.52
000048.20
000045.96
000047.88
000049.84
000051.64
000054.72
000055.32
000055.64
000054.32
000053.60
000052.56
000049.88
000048.04
000049.28
000057.28
000061.92
000065.84
000063.84
000062.88
000065.20
000068.72
000069.20
000063.32
000057.52
000059.76
000059.00
000057.88
000057.20
000068.60
000075.44
000107.20
000144.08
000168.96
000174.36
000174.72
000159.68
000159.56
000152.88
000127.76
000119.68
000108.72
000101.80
000091.32
000100.12
000108.12
000112.20
000120.04
000124.40
000126.08
000124.56
000120.56
000111.52
000102.12
000094.92
000083.96
000077.04
000073.68
000065.72
000064.24
000061.72
000060.84
000061.44
000059.24
000057.00
000055.56
000053.92
000050.04
000048.12
000046.40
000044.32
000043.92
000044.24
000046.56
000046.44
000042.56
000038.68
000035.76
000036.76
000038.32
000040.64
000043.52
000046.16
000049.76
000050.28
000049.00
000047.56
000046.40
000050.08
000052.24
000056.08
000061.16
000062.56
000061.76
000060.64
000062.80
000065.40
000064.96
000059.40
000054.32
000055.52
000055.48
000050.64
000064.04
000064.24
000070.52
000110.92
000149.88
000155.96
000157.48
000168.96
000159.88
000158.00
000147.92
000130.72
000113.24
000097.56
000089.84
000089.92
000095.48
000105.76
000113.00
000110.52
000120.52
000124.20
000119.64
000116.88
000109.68
000101.80
000094.88
000088.84
000084.12
000080.36
000073.56
000070.16
000063.92
000058.96
000057.36
000059.20
000062.48
000063.60
000060.44
000057.08
000050.36
000048.88
000048.80
000048.76
000045.80
000043.08
000043.92
000043.56
000042.16
000039.76
000040.72
000043.16
000043.32
000041.76
000042.32
000044.08
000045.20
000045.00
000045.16
000047.52
000049.76
000051.84
000054.56
000055.36
000059.16
000056.72
000057.68
000059.44
000061.76
000059.04
000052.84
000050.44
000049.24
000047.28
000048.16
000069.76
000058.96
000083.76
000121.68
000145.04
000155.48
000156.12
000156.08
000159.00
000151.76
000140.16
000128.00
000106.28
000096.64
000088.68
000091.84
000088.08
000098.40
000100.56
000109.40
000114.56
000112.64
000117.52
000114.68
000108.36
000101.28
000096.12
000093.00
000090.96
000089.72
000086.24
000081.96
000080.20
000075.60
000073.40
000073.12
000071.80
000069.52
000068.24
000069.32
000065.76
000064.40
000059.32
000052.96
000046.96
000048.48
000052.36
000051.48
000046.60
000044.52
000045.28
000045.64
000044.32
000041.84
000041.64
000043.68
000047.32
000047.80
000048.24
000048.80
000049.56
000050.48
000053.76
000055.24
000056.64
000055.12
000053.08
000052.28
000053.68
000053.52
000048.48
000048.36
000051.20
000042.48
000052.80
000049.48
000068.80
000102.80
000127.56
000136.92
000145.16
000153.60
000155.12
000155.96
000140.76
000140.96
000124.24
000109.00
000096.20
000089.32
000083.64
000086.76
000087.68
000093.72
000105.48
000106.48
000111.04
000111.56
000112.32
000107.32
000103.44
000102.08
000100.28
000098.36
000097.36
000096.56
000095.16
000095.04
000090.48
000085.28
000083.12
000081.88
000077.24
000073.72
000072.84
000072.28
000070.80
000069.80
000064.48
000059.04
000061.32
000063.44
000060.84
000055.56
000053.64
000052.72
000050.00
000045.68
000044.88
000046.72
000048.44
000056.00
000057.92
000055.92
000053.12
000052.00
000052.64
000053.64
000052.84
000051.72
000049.96
000047.92
000046.80
000048.88
000047.68
000043.12
000044.52
000045.88
000037.24
000053.40
000047.24
000073.80
000121.08
000134.28
000137.04
000136.24
000137.16
000146.04
000145.76
000139.08
000131.68
000127.92
000108.84
000103.24
000094.64
000081.64
000085.48
000084.12
000090.96
000094.68
000098.64
000109.48
000112.76
000108.76
000109.44
000107.48
000106.76
000106.32
000104.36
000103.24
000105.36
000105.32
000100.76
000095.80
000088.56
000083.52
000081.48
000076.32
000072.84
000073.40
000073.28
000069.92
000066.84
000065.84
000060.80
000059.64
000061.16
000057.32
000057.44
000054.36
000049.64
000046.28
000043.24
000043.60
000048.40
000053.56
000059.44
000063.32
000059.64
000056.60
000055.44
000055.12
000055.04
000054.04
000048.44
000044.92
000044.36
000046.28
000047.64
000043.52
000038.40
000039.40
000041.44
000044.04
000040.28
000056.76
000093.60
000125.60
000134.44
000135.76
000136.76
000136.56
000136.56
000138.80
000131.32
000129.24
000124.44
000111.48
000105.76
000094.80
000086.00
000069.28
000080.00
000082.00
000086.00
000094.20
000105.40
000110.52
000104.12
000106.20
000108.16
000109.88
000108.88
000108.12
000110.04
000112.76
000111.56
000106.60
000103.92
000096.04
000086.64
000078.16
000071.20
000068.28
000070.04
000066.12
000061.40
000059.84
000061.40
000058.40
000056.64
000056.60
000052.68
000047.64
000044.56
000043.16
000044.12
000045.48
000047.64
000054.40
000062.00
000062.92
000067.12
000066.04
000063.36
000061.28
000058.36
000056.04
000054.44
000049.32
000045.92
000045.00
000045.24
000043.80
000039.76
000035.76
000036.56
000038.16
000053.32
000046.64
000071.24
000114.48
000133.12
000131.16
000131.00
000135.92
000136.60
000136.56
000131.00
000127.88
000124.08
000124.92
000117.40
000102.40
000089.48
000076.16
000063.60
000069.20
000076.04
000077.68
000089.76
000101.48
000101.64
000105.32
000103.16
000107.16
000109.52
000109.32
000112.48
000117.08
000116.00
000111.40
000110.84
000105.00
000096.28
000088.72
000081.96
000073.80
000066.12
000062.92
000056.04
000051.52
000048.72
000047.80
000048.16
000049.08
000047.32
000044.80
000045.88
000045.84
000046.28
000049.84
000051.96
000054.08
000058.16
000065.08
000068.72
000072.64
000071.04
000068.24
000066.68
000064.92
000061.24
000056.84
000052.80
000048.44
000044.84
000042.64
000039.52
000035.84
000035.08
000039.36
000042.08
000050.12
000054.36
000097.88
000120.92
000136.28
000133.04
000127.28
000130.20
000135.16
000136.92
000125.08
000123.04
000123.76
000124.92
000119.76
000093.28
000080.52
000073.80
000066.60
000060.76
000065.56
000072.28
000077.20
000092.72
000099.36
000104.52
000103.24
000107.28
000110.08
000111.32
000115.44
000118.84
000116.28
000112.16
000108.88
000102.76
000098.68
000096.48
000091.28
000081.44
000067.60
000057.56
000052.64
000047.80
000045.40
000043.08
000043.00
000045.20
000045.44
000045.44
000048.52
000049.44
000052.08
000054.04
000057.24
000058.88
000062.68
000067.48
000071.16
000074.80
000074.76
000071.96
000069.04
000069.40
000067.16
000060.08
000054.44
000049.12
000043.52
000037.44
000033.88
000031.52
000034.88
000041.72
000040.28
000051.76
000085.40
000115.20
000125.12
000135.64
000131.04
000127.92
000127.32
000130.00
000134.32
000124.44
000124.28
000122.20
000116.52
000103.12
000088.60
000087.20
000076.72
000068.00
000059.92
000055.72
000064.52
000067.32
000084.76
000098.32
000099.16
000103.60
000106.52
000109.48
000112.68
000115.84
000117.76
000118.96
000118.56
000115.40
000107.52
000100.76
000093.04
000085.08
000080.00
000073.32
000067.56
000060.32
000056.64
000050.80
000048.60
000049.72
000051.12
000052.36
000052.92
000056.04
000057.92
000058.56
000059.72
000060.60
000061.44
000065.56
000071.32
000075.88
000078.24
000079.92
000076.88
000072.84
000072.88
000068.68
000061.20
000055.40
000048.52
000042.24
000036.52
000031.16
000030.64
000036.60
000042.44
000036.68
000063.92
000108.72
000125.12
000125.88
000129.04
000131.88
000126.60
000127.40
000127.48
000127.52
000120.28
000119.80
000115.00
000103.24
000097.72
000100.40
000092.76
000083.40
000072.92
000062.80
000056.68
000053.00
000059.64
000075.48
000088.24
000095.24
000100.36
000105.80
000108.12
000110.76
000115.36
000118.96
000121.96
000122.48
000119.24
000112.92
000103.36
000095.20
000089.52
000084.76
000079.00
000074.84
000069.24
000063.92
000059.96
000058.68
000057.96
000058.68
000059.28
000060.48
000062.84
000060.36
000062.20
000062.52
000061.12
000065.12
000073.72
000079.44
000080.52
000078.00
000080.88
000078.76
000074.92
000072.92
000069.60
000061.92
000052.08
000047.04
000038.84
000029.92
000026.40
000030.04
000038.56
000037.16
000044.44
000087.24
000113.88
000132.00
000123.12
000125.40
000119.64
000124.80
000127.44
000127.08
000126.76
000119.08
000114.40
000101.36
000101.36
000099.36
000107.56
000108.72
000090.20
000081.00
000070.88
000055.20
000050.96
000051.76
000069.64
000086.72
000092.48
000097.96
000102.96
000107.20
000109.68
000113.84
000119.80
000122.88
000123.08
000125.40
000120.92
000112.48
000104.44
000098.92
000093.44
000088.24
000082.88
000077.76
000075.44
000072.32
000070.48
000069.04
000068.56
000068.60
000068.60
000068.48
000066.32
000068.68
000069.96
000070.68
000075.80
000082.00
000084.04
000086.56
000083.52
000084.60
000080.92
000075.56
000073.96
000070.36
000061.72
000048.72
000040.96
000032.32
000026.56
000026.52
000029.04
000036.36
000040.60
000052.00
000098.64
000120.32
000127.60
000121.92
000117.84
000119.32
000116.60
000120.36
000126.76
000126.56
000112.80
000101.04
000102.44
000102.92
000102.28
000112.44
000110.12
000099.32
000085.84
000075.68
000066.36
000044.84
000046.48
000061.76
000074.68
000087.92
000092.52
000100.04
000107.72
000110.40
000114.28
000119.52
000122.32
000126.08
000132.04
000129.36
000124.28
000118.12
000111.60
000106.44
000101.80
000096.88
000095.16
000092.00
000085.64
000081.56
000079.84
000081.80
000083.64
000082.12
000077.28
000075.84
000076.80
000078.08
000079.68
000085.60
000091.04
000091.24
000090.04
000089.36
000087.76
000083.60
000078.60
000074.20
000066.36
000056.96
000046.40
000031.68
000027.92
000024.32
000024.80
000030.20
000033.20
000040.40
000063.44
000092.56
000107.16
000123.32
000118.76
000115.72
000110.16
000117.52
000117.84
000118.96
000126.92
000100.84
000099.64
000102.92
000103.76
000103.12
000107.20
000103.84
000093.12
000082.52
000067.60
000056.84
000051.44
000043.60
000048.80
000069.56
000082.60
000090.32
000095.92
000104.92
000112.72
000117.16
000120.20
000123.12
000130.20
000136.12
000136.24
000135.24
000129.96
000123.44
000119.72
000117.44
000113.76
000112.32
000110.80
000104.28
000098.40
000096.68
000097.76
000096.00
000091.08
000093.36
000091.40
000091.44
000093.04
000093.60
000096.20
000099.92
000098.80
000093.60
000092.20
000088.88
000085.32
000079.00
000069.76
000061.08
000050.84
000041.92
000025.52
000022.00
000021.44
000024.12
000027.48
000033.52
000042.44
000051.20
000076.12
000094.28
000107.48
000109.92
000115.00
000108.24
000116.40
000116.44
000116.44
000117.32
000101.32
000101.96
000105.64
000106.32
000099.92
000102.84
000091.84
000080.44
000065.80
000067.64
000059.40
000054.16
000048.28
000046.92
000059.48
000071.92
000086.44
000090.60
000097.64
000108.84
000116.32
000121.76
000127.60
000131.80
000135.84
000140.08
000142.68
000138.72
000133.32
000132.08
000130.72
000127.04
000125.72
000125.00
000117.92
000112.04
000111.12
000111.44
000111.60
000109.28
000110.04
000107.28
000108.08
000110.68
000108.92
000106.68
000105.80
000101.80
000096.68
000092.60
000087.60
000082.96
000073.48
000065.08
000054.60
000044.36
000032.28
000022.48
000015.36
000019.04
000022.76
000025.56
000039.56
000049.20
000047.72
000063.44
000074.72
000077.32
000078.76
000097.76
000108.88
000108.20
000116.92
000117.08
000116.12
000102.24
000103.48
000103.76
000092.72
000090.96
000088.40
000072.52
000073.92
000064.00
000070.68
000058.92
000053.16
000048.00
000053.00
000059.28
000060.32
000074.04
000086.00
000092.00
000098.44
000112.08
000121.80
000127.68
000131.80
000135.92
000140.88
000146.08
000147.48
000145.60
000144.84
000144.76
000141.36
000138.12
000134.76
000126.84
000122.40
000121.36
000122.52
000124.32
000124.04
000124.68
000122.00
000122.52
000124.84
000120.96
000115.80
000110.64
000104.00
000097.12
000091.08
000084.04
000077.36
000068.64
000058.80
000045.88
000035.84
000022.52
000015.96
000013.84
000017.60
000020.96
000031.16
000049.96
000047.60
000044.36
000064.72
000071.80
000066.52
000049.56
000051.84
000086.40
000103.92
000111.64
000117.32
000117.52
000093.32
000091.00
000086.56
000082.72
000068.40
000066.00
000058.56
000054.68
000050.40
000057.96
000049.64
000040.52
000037.52
000055.36
000069.84
000060.40
000059.80
000074.68
000087.08
000091.36
000103.00
000115.12
000119.72
000125.96
000131.64
000137.92
000144.56
000148.68
000150.24
000151.88
000151.52
000148.96
000146.88
000141.40
000136.16
000133.32
000132.20
000131.60
000131.28
000130.28
000131.48
000126.04
000125.16
000126.04
000120.92
000114.56
000107.56
000101.20
000091.36
000084.04
000076.80
000067.88
000058.44
000045.44
000032.80
000023.16
000014.96
000011.16
000014.80
000019.68
000023.92
000037.36
000048.88
000043.72
000045.28
000062.56
000071.08
000063.84
000044.84
000036.36
000044.96
000060.60
000084.96
000101.00
000113.28
000095.52
000085.52
000082.72
000065.00
000053.36
000060.00
000055.88
000054.68
000056.80
000057.92
000051.08
000045.32
000045.00
000056.52
000076.76
000076.84
000053.12
000063.16
000078.28
000085.64
000094.00
000104.08
000111.64
000117.16
000123.44
000129.00
000136.24
000141.64
000144.08
000145.44
000146.28
000144.80
000142.28
000138.44
000134.60
000133.00
000131.56
000131.36
000127.60
000123.32
000126.28
000118.76
000116.72
000117.12
000111.56
000104.28
000097.56
000092.32
000080.84
000075.48
000068.24
000057.28
000046.08
000032.52
000022.08
000014.24
000009.44
000010.88
000018.20
000025.36
000029.04
000035.72
000037.40
000034.20
000046.24
000056.60
000070.08
000061.08
000041.92
000036.52
000036.48
000048.92
000054.44
000058.52
000076.04
000082.96
000074.04
000051.40
000045.40
000046.84
000056.60
000053.92
000052.36
000060.32
000055.48
000048.68
000044.44
000050.48
000064.20
000075.56
000083.16
000074.20
000056.16
000063.36
000077.92
000086.52
000091.24
000101.28
000105.56
000109.00
000115.32
000122.36
000126.40
000129.12
000130.76
000131.40
000133.60
000127.60
000126.36
000123.52
000123.16
000120.60
000116.88
000117.68
000114.68
000110.64
000103.84
000101.44
000099.28
000094.48
000089.96
000081.60
000077.00
000068.12
000063.36
000054.80
000044.80
000034.40
000021.44
000012.52
000009.48
000010.04
000018.28
000025.88
000029.68
000028.64
000031.20
000031.72
000031.84
000046.64
000046.04
000059.32
000051.60
000037.92
000036.44
000036.80
000039.56
000053.64
000054.92
000057.84
000058.48
000050.20
000043.24
000043.72
000046.16
000048.76
000046.32
000044.68
000053.16
000047.92
000041.20
000039.48
000056.00
000066.96
000076.28
000082.96
000082.00
000066.52
000056.68
000062.40
000076.44
000081.92
000093.44
000095.68
000097.80
000102.60
000107.60
000110.28
000113.44
000115.92
000115.40
000115.52
000114.08
000112.08
000109.68
000110.72
000108.32
000104.40
000103.40
000101.60
000096.60
000087.60
000084.48
000082.28
000077.40
000072.16
000065.48
000061.12
000056.56
000053.12
000045.24
000033.60
000021.04
000012.00
000007.84
000009.68
000015.24
000023.12
000029.52
000030.28
000027.96
000027.08
000027.00
000032.36
000056.72
000044.68
000047.60
000031.04
000027.84
000036.12
000036.76
000036.64
000043.68
000054.60
000055.08
000048.96
000044.40
000043.60
000043.56
000043.88
000047.84
000046.60
000043.92
000053.08
000046.16
000032.56
000035.32
000050.32
000060.44
000075.32
000081.88
000076.20
000073.68
000063.64
000055.32
000061.52
000069.40
000077.72
000080.92
000087.24
000088.60
000089.28
000090.40
000093.48
000094.72
000095.24
000096.76
000092.40
000090.24
000088.16
000090.44
000088.84
000083.16
000080.92
000078.36
000073.80
000067.04
000063.40
000060.16
000056.12
000052.72
000048.36
000044.60
000040.76
000037.44
000029.48
000018.64
000010.52
000007.96
000008.44
000014.72
000021.64
000025.32
000032.16
000028.92
000026.52
000023.20
000022.60
000037.60
000056.96
000055.04
000040.96
000025.20
000020.92
000018.40
000027.44
000033.88
000036.44
000048.84
000055.40
000044.72
000045.92
000043.24
000042.72
000042.68
000048.08
000045.96
000037.60
000045.36
000045.32
000037.96
000040.36
000054.56
000059.16
000075.88
000084.08
000076.00
000075.12
000071.56
000063.96
000055.32
000059.12
000071.12
000071.44
000075.68
000078.60
000079.96
000079.60
000079.24
000080.60
000080.84
000081.68
000077.88
000074.68
000072.68
000074.96
000073.04
000067.84
000064.84
000063.36
000061.48
000056.20
000052.88
000049.64
000045.00
000041.52
000037.56
000033.64
000031.04
000027.32
000019.88
000011.96
000009.36
000010.20
000013.04
000019.92
000022.08
000025.92
000032.64
000027.64
000025.52
000019.56
000020.68
000042.28
000051.20
000053.92
000028.12
000013.36
000019.36
000021.76
000021.08
000018.80
000024.44
000038.08
000052.96
