010139.38
 003393.21
 000033.42
 -01021.27
 -01425.11
 -00921.61
 000198.45
 000890.35
 000250.48
 -00912.85
 -00036.78
 -00088.49
 000350.33
 -00163.93
 -00538.88
 000327.74
 -00659.23
 -00377.83
 000156.10
 -00176.46
 -00105.46
 -00032.08
 -00549.91
 000219.21
 000950.87
 010366.02
 002483.10
 -00428.77
 -00175.75
 000478.06
 001425.53
 000385.78
 -00039.53
 000277.75
 000583.95
 -00473.76
 000318.30
 000203.27
 -00030.26
 001898.87
 -00200.73
 -00126.07
 -01159.79
 000220.71
 000339.16
 000160.24
 000079.55
 000216.53
 -00360.95
 000192.37
 008755.58
 000321.26
 002326.68
 006089.09
 -00862.23
 000157.33
 -00538.89
 000365.67
 -00113.14
 -00023.31
 000040.73
 000120.46
 -00190.29
 -00131.34
 -00061.50
 -00503.71
 000073.91
 000273.29
 -00464.20
 000991.65
 -00476.57
 000343.41
 -00306.90
 -00078.16
 000092.91
 009767.39
 -01169.58
 002808.60
 -02484.67
 -00792.82
 000319.34
 -02748.78
 -00216.28
 000184.53
 000769.70
 000199.39
 -00028.72
 -00480.62
 000294.84
 -00251.74
 -00610.28
 -00226.21
 -00414.23
 -01085.07
 -00247.79
 000406.68
 000377.91
 000175.65
 000289.47
 000084.89
 009656.05
 -02782.06
 -03063.47
 000653.62
 -01132.10
 -00617.21
 -00575.12
 -00728.91
 001268.64
 001026.03
 -02025.23
 -01156.32
 -00039.04
 000078.86
 -00349.93
 -00688.89
 -00362.56
 000261.59
 000470.93
 000053.87
 000096.64
 -00209.07
 -00105.17
 -00106.13
 000023.52
 009892.52
 002778.87
 000242.66
 -00891.29
 -02046.53
 -02484.06
 000108.97
 -00058.40
 000230.60
 001232.89
 -00035.46
 000930.20
 000617.55
 -01028.70
 000426.85
 000202.24
 000523.84
 000918.01
 -00314.56
 -00087.47
 -00083.56
 -00213.44
 000521.74
 -00099.92
 000164.07
 009812.38
 003347.63
 000037.28
 000787.34
 -00447.26
 000380.46
 001818.93
 -02520.33
 -00518.32
 001293.72
 000860.77
 000048.52
 -00221.27
 -00247.22
 -00908.44
 000047.43
 -00488.65
 -00560.55
 000100.57
 000143.56
 -00031.09
 -00188.50
 -00000.11
 000392.41
 -00175.77
 008888.68
 000330.72
 002528.12
 005792.46
 -00578.82
 000073.10
 -00840.85
 000372.64
 -00169.06
 -00208.79
 -00017.19
 -00125.67
 -00085.28
 000006.22
 000128.57
 000535.88
 -00104.30
 -00179.39
 000431.53
 -01058.98
 000480.63
 -00287.21
 000334.25
 000050.20
 -00083.95
 009818.22
 -00682.53
 002869.60
 -02357.44
 -01105.52
 000585.27
 -02603.40
 -00403.64
 -00136.50
 000231.04
 000952.84
 -00035.33
 -00051.95
 000256.25
 000116.32
 000583.15
 -00098.91
 000229.80
 001108.34
 000356.13
 -00448.76
 -00353.37
 -00217.11
 -00299.30
 -00149.43
 009570.96
 -03175.23
 -02652.55
 000797.43
 -01975.15
 000651.73
 000395.71
 -00987.36
 001353.76
 -00730.66
 000480.79
 001057.22
 000963.31
 001538.88
 000158.27
 000594.11
 -00079.74
 000147.63
 -00499.19
 -00014.81
 000073.09
 -00098.71
 -00114.54
 -00020.13
 -00078.41
 009901.67
 003670.85
 000094.31
 -00553.62
 -00571.91
 -01747.59
 000901.10
 000349.87
 -00501.70
 000437.01
 -00030.64
 -00280.39
 -01062.31
 001603.84
 000336.09
 -00247.25
 001233.27
 000126.66
 000240.14
 -00180.76
 000132.83
 000186.42
 -00439.66
 000118.94
 -00061.47
 010120.47
 001182.57
 -00227.34
 -00279.58
 001946.76
 003042.55
 -00004.24
 000553.49
 000426.11
 000712.80
 -00547.62
 000797.62
 000331.46
 -00254.85
 -01359.38
 000232.74
 001047.06
 -00045.74
 000115.94
 -00214.54
 000066.06
 000243.28
 -00130.70
 -00494.33
 000103.84
 009802.34
 -00170.00
 -01702.45
 000173.62
 004002.98
 -01207.09
 -00232.78
 000366.31
 000313.77
 000419.55
 -00382.34
 000763.60
 -01515.49
 000181.32
 000080.93
 001144.64
 -00966.75
 000310.91
 -00228.28
 000089.54
 -00135.87
 000053.18
 000022.90
 -00062.31
 -00013.97
 009147.97
 -04370.09
 003403.07
 -00920.17
 000570.41
 -00328.69
 001631.32
 000056.30
 -00278.70
 -00312.02
 -00171.45
 000928.58
 -00332.28
 000019.77
 000060.31
 -01331.97
 -00346.95
 -00072.37
 -00062.13
 -00605.19
 -00611.80
 -00442.10
 -00175.92
 -00349.20
 -00020.44
 009548.79
 -03579.23
 -03505.74
 000070.23
 -01114.95
 000371.94
 000082.17
 000825.37
 -01286.59
 000514.22
 000196.75
 -00117.66
 000271.78
 000178.81
 -00005.35
 000088.40
 -00086.81
 -00151.66
 000389.81
 -00325.35
 -00828.27
 000814.75
 000529.24
 000365.34
 000036.35
 010212.73
 003084.17
 -00131.39
 -01052.83
 -01305.63
 -01124.44
 000002.48
 001138.14
 000388.52
 -00630.49
 -00522.11
 000249.26
 000540.08
 -00691.72
 -00132.31
 000073.73
 -00446.21
 -00400.75
 -00046.68
 -00084.57
 000020.85
 000392.82
 -00468.16
 -00006.69
 -00951.28
 010339.00
 001802.19
 -00197.96
 -00632.94
 001316.93
 002599.96
 -00231.15
 000572.18
 000065.90
 -00390.21
 -00626.24
 -00056.35
 000130.60
 -00163.53
 000536.75
 -00162.01
 000265.07
 000486.83
 -00169.51
 000048.81
 -00279.42
 -00655.81
 -00060.83
 001098.64
 -00125.33
 009626.55
 -00895.93
 -01322.82
 000773.01
 003866.34
 -01900.49
 -00302.28
 000677.62
 001519.23
 000228.67
 001821.80
 -00656.81
 000829.25
 -00101.00
 -00094.08
 -00696.20
 000309.01
 -00265.70
 000169.13
 000028.12
 -00007.14
 -00090.45
 000065.19
 000123.70
 -00020.02
 009198.91
 -03961.45
 003631.86
 -00919.56
 000105.45
 -00214.91
 001537.98
 000034.23
 000176.36
 000184.19
 -00339.78
 -01645.47
 000247.08
 -00221.18
 000152.74
 001356.81
 000491.44
 -00316.91
 -00662.41
 000067.55
 -00277.25
 -00086.87
 -00029.90
 -00123.39
 -00028.77
 009329.17
 -03703.03
 -03577.76
 000070.76
 -00716.61
 000174.83
 000007.16
 001355.96
 -02108.31
 000641.38
 000614.26
 -00021.99
 000091.72
 -00288.01
 -00041.19
 -00022.43
 -00089.96
 -00037.89
 -00304.11
 000290.05
 000703.50
 -00606.03
 -00391.23
 -00205.28
 -00020.14
 010136.47
 003483.75
 -00195.34
 -00928.52
 -00721.85
 000203.70
 000491.31
 000957.38
 -00127.20
 -01252.16
 -00054.42
 -00530.75
 -00322.62
 000715.06
 -00827.67
 -00299.42
 -00232.94
 -00041.56
 -00130.68
 000469.56
 -00002.66
 -00385.54
 001053.63
 -00365.81
 -00104.29
 010200.16
 002837.79
 -00245.39
 -00526.40
 000798.84
 001828.03
 000652.26
 -00703.61
 -00378.11
 -00313.44
 000742.69
 -01097.92
 000266.37
 -00094.87
 000566.37
 -00312.49
 -00700.52
 001200.95
 -00193.28
 -00418.83
 000201.23
 000496.70
 -00182.84
 -00434.51
 000027.85
 009921.36
 000248.47
 -00717.59
 000042.65
 002651.06
 -01726.49
 -01417.52
 -02056.70
 -01780.46
 -01458.18
 -00967.16
 000096.05
 000842.84
 -00023.32
 -00044.96
 -00021.98
 000457.66
 -00177.67
 -00104.56
 000040.41
 -00022.67
 000046.31
 000012.76
 -00072.61
 000045.57
 009218.77
 -04151.73
 003724.94
 -01011.40
 000500.34
 -00283.95
 001417.11
 000129.34
 000021.59
 -00406.26
 -00256.65
 000543.12
 000199.50
 -00073.66
 -00100.23
 -00048.23
 -00138.76
 000408.21
 000774.60
 000555.77
 000888.95
 000505.57
 000217.09
 000433.35
 000071.64
 009828.19
 -02271.04
 -02888.48
 -00241.07
 -01640.70
 000439.19
 -00045.67
 -00880.59
 000814.83
 -01561.06
 000663.51
 -00017.85
 -01625.21
 -01333.03
 000188.57
 -00041.69
 000753.42
 -00137.05
 000069.86
 -00052.77
 000084.63
 000101.62
 000018.99
 -00020.38
 000041.88
 